timezone: Europe/Berlin
location:
    longitude: 9.944333
    latitude: 51.560583
    elevation: 201.0000000008158